scan num 
1221 
1210 
1199 
1188 
1177 
1166 
1096 
1088 
1087 
1082 
1076 1084 
1064 
1059 
1055 
1040 
1038 1092 
1005 
969 
945 
939 
920 1072 
917 1007 
909 927 1071 
892 
863 
845 
843 
826 
819 
795 
1235 
1238 
1303 1139 557 699 839 984 
980 
1241 1237 
1246 
449 109 263 
1254 
1315 1260 1257 518 1131 1173 1117 1152 1170 187 669 808 818 878 960 962 1000 1028 1103 
1226 931 1081 
1208 
594 744 910 
1258 
1184 
859 
1259 1224 1116 738 890 965 1039 
1243 
1261 
534 367 47 207 678 
1138 
1270 
886 
1143 
764 
1312 1169 599 740 883 1026 
1242 
734 
1335 1264 830 947 
1255 
1128 
1229 1057 
1314 
1187 
1252 
1282 848 995 
1249 
1295 
755 914 
1332 
1205 
1017 
1274 
650 972 1020 
975 
1232 
1334 1280 428 1114 582 680 731 828 873 971 1022 
1031 
1288 
1244 
482 
1338 1185 
423 
1336 1240 483 451 304 89 1193 603 649 753 797 894 949 1043 1093 
1330 
1011 
1268 
1339 912 1090 
1217 
1271 
1018 
1343 1342 1341 1340 1337 1331 1329 1328 1327 1326 1325 1324 1321 1320 1319 1317 1316 1313 1310 1307 1305 1297 1296 1294 1293 1291 1277 1276 1275 1273 1269 1266 1263 1262 1253 1251 1248 1236 1233 1231 1228 1227 1222 587 576 565 554 542 540 539 537 536 535 533 532 531 528 526 525 524 523 521 520 517 516 515 514 513 512 511 510 509 507 506 505 504 503 502 501 500 499 495 494 493 492 491 490 489 488 487 485 484 481 479 478 477 476 473 472 471 470 469 468 465 463 462 461 460 459 458 457 456 455 452 450 448 447 446 445 444 443 441 440 439 438 437 436 433 430 429 427 426 425 424 422 419 418 417 416 415 414 413 412 411 408 407 406 405 404 400 397 396 395 394 392 390 388 386 385 384 383 382 381 380 378 377 375 373 372 371 370 369 368 366 364 363 361 360 359 358 357 356 355 353 352 351 350 349 348 347 346 345 342 341 340 339 338 337 336 335 334 333 331 330 329 328 327 324 323 322 319 318 317 316 315 314 312 311 309 308 307 306 305 301 300 298 297 296 295 294 293 292 291 290 287 286 285 140 129 128 127 126 125 124 122 121 120 119 118 117 116 115 114 111 108 107 106 104 103 102 1211 100 99 98 97 95 1204 94 93 1202 92 91 1200 1198 88 87 86 85 84 83 82 1191 81 80 1189 78 77 1186 76 75 74 73 1182 72 71 70 69 67 1176 31 1140 571 30 570 569 28 568 27 284 567 26 283 566 25 1134 282 564 23 1132 280 22 279 562 21 1130 278 561 20 560 19 276 559 18 1127 275 558 17 274 573 1141 130 260 62 1171 16 33 131 545 4 261 132 546 5 64 133 547 1115 65 1174 548 7 264 1175 135 549 8 265 136 550 1118 137 551 10 1119 267 138 1120 139 1121 269 141 555 14 1123 271 556 15 272 34 577 36 1145 578 37 579 38 580 39 581 40 1149 41 583 42 1151 584 43 44 586 45 1154 588 589 48 590 591 50 592 51 52 1161 595 54 1163 55 1164 597 56 58 1167 59 60 61 142 143 144 148 149 150 151 152 153 154 155 157 158 159 160 161 162 163 164 165 166 168 170 171 172 173 174 175 176 177 179 181 183 184 185 186 188 190 191 192 193 194 195 196 197 198 199 201 203 204 205 206 208 209 212 214 215 216 217 220 221 224 225 226 227 228 229 230 231 232 234 235 236 237 238 240 241 242 243 246 247 249 250 251 252 253 254 256 257 258 259 270 281 598 600 601 604 605 606 609 611 612 614 615 616 617 619 621 622 623 624 625 626 628 630 631 632 633 634 635 636 638 639 641 642 644 645 646 647 648 652 653 654 655 656 657 659 660 661 663 664 665 666 667 668 671 672 674 675 676 677 679 681 685 687 689 690 691 692 694 697 700 701 703 708 709 710 711 712 713 714 715 716 719 720 721 722 723 724 726 727 729 730 732 733 735 736 737 741 742 743 745 746 747 748 749 752 754 756 757 758 759 760 762 763 765 766 767 768 769 770 774 775 776 777 779 780 781 782 784 786 787 788 789 790 791 792 793 796 798 799 800 801 802 803 804 806 807 809 810 811 812 813 814 815 817 820 821 822 823 824 825 829 831 832 835 836 837 840 842 844 846 847 851 853 855 856 857 858 864 865 867 868 869 872 874 875 876 877 879 880 881 887 888 889 891 895 897 898 899 900 901 902 906 907 908 911 913 919 921 922 923 928 929 930 932 933 934 936 938 941 942 943 944 946 950 951 952 953 954 956 957 958 961 964 966 967 968 974 976 977 978 983 986 987 988 989 994 996 997 998 1001 1002 1009 1013 1019 1021 1023 1024 1029 1030 1032 1033 1034 1041 1042 1049 1052 1053 1054 1056 1060 1061 1063 1065 1066 1067 1068 1073 1074 1077 1078 1083 1085 1086 1089 1094 1095 1097 1098 1099 1100 1101 1104 1105 1106 1107 1108 1109 1110 1111 1122 1144 
1160 1012 
543 402 105 245 705 
1309 1287 
903 1051 
1308 
1181 
1133 
527 362 53 210 
529 434 374 63 218 219 683 
1250 1247 
1306 
401 544 49 213 688 
1129 925 1079 
1304 1283 538 391 1137 66 1159 239 686 833 854 985 1010 
1286 
1302 
399 223 
393 96 248 
1112 
1298 
1225 
1027 
1284 
1281 
474 113 268 
498 344 11 180 643 
1230 
1318 973 
522 379 29 202 704 
1218 
1209 
884 
480 1206 627 773 916 1062 
1183 
1008 
1265 
466 326 12 182 608 751 
454 313 9 169 
1285 
771 
991 1044 
435 273 602 
1162 
403 
1165 
955 
389 698 
303 
1172 
302 658 
1299 
785 
963 
1220 
110 262 637 
1219 
1216 
1215 841 999 
693 
1213 1207 
940 
1197 
1150 
1195 
1178 
1239 
572 725 
1156 979 1046 
1126 
496 320 670 
1125 682 834 982 
1203 885 1045 
1142 
1272 
620 862 1015 
1196 896 1050 
1153 
1323 1301 1292 1290 1279 432 410 289 1214 1194 1180 1136 3 553 575 1147 1148 1158 146 702 707 718 850 852 861 866 905 918 924 990 993 1004 1006 1016 1035 1037 1048 1070 1075 1155 
593 
870 
613 
467 421 325 32 6 147 610 696 
1192 
778 935 
